100
409154 435528
409151 435683
409277 435420
409260 435538
409240 435695
409213 435897
409199 435982
409178 436078
409174 436171
409147 436256
409469 435389
409378 435463
409378 435563
409351 435734
409328 435891
409275 435982
409289 436065
409272 436188
409208 436263
409754 435326
409609 435201
409565 435307
409577 435510
409515 435614
409478 435707
409442 435810
409442 435913
409408 436075
409344 436201
409398 436213
409638 435143
409683 435349
409670 435514
409620 435615
409688 435618
409624 435752
409570 435942
409541 436090
409512 436236
409216 435826
409158 435820
408777 434870
408731 434657
408808 434639
408840 435022
408932 434976
408897 434650
409050 434674
409033 434769
408906 434723
409262 434873
409090 434982
409020 435056
409262 435017
409210 435093
409109 435153
409192 435244
409298 435127
409302 435225
409264 435295
409452 434831
409553 435074
409434 435030
409517 434818
409539 434954
409038 435235
409167 435416
408778 434739
409822 435466
409811 435545
409765 435617
409812 435857
409792 435978
409837 436155
409711 436281
409969 435509
409944 435714
410041 435866
409946 436015
410015 436193
410067 435592
410073 436039
410113 436329
410204 436314
409645 436119
410120 436189
409875 435755
410180 436398
410244 436276
410224 436222
410435 436784
409573 436533
409575 436677
409553 436813
409546 436882
409701 436391
409691 436539
409680 436697
409667 436825
410837 436079
